PAS_HYDRO
AGRI_ASSOLEMEMNT_PAR_DONNEES
IRR_SIMPLE
ITK_ALTERNATIF_DESACTIVE
8_ILOTS_0_ILOT_HORS_ZONE
PAS_NORMATIF

1/8/2018
7_sINIT

nom_engraisnull;boue urbaine liquide;boue urbaine epaissie chaulee;boue papeterie epaissies deshydratees;digestat brut;digestat liquide;digestat solide;fumier bovin;fumier ovin;fumier porc;fumier de cheval;fumier volailles;fiente de poule seche;lisier bovin;lisier de porc;fertilys;compost dechets verts;compost dechets verts et biodechets;compost de dechets verts et boue;compost ordures menageres residuelles;compost de fumier animal;refus lisier de porc;AH;AN;AP;AS;CAN;NK;NPK;NP;N_solutions;urea;mineral;P;PK;K2018;SSM1-0002%0.0|SSM1-0010%0.0|SSM1-0019%0.0|SSM1-0009%0.0|SSM1-0013%0.0|SSM1-0032%0.0|SSM1-0037%0.0|SSM1-0043%0.0;SSM1-0002%0.0|SSM1-0010%0.0|SSM1-0019%0.0|SSM1-0009%0.0|SSM1-0013%0.0|SSM1-0032%0.0|SSM1-0037%0.0|SSM1-0043%0.0;SSM1-0002%0.0|SSM1-0010%0.0|SSM1-0019%0.0|SSM1-0009%0.0|SSM1-0013%0.0|SSM1-0032%0.0|SSM1-0037%0.0|SSM1-0043%0.0;SSM1-0002%0.0|SSM1-0010%0.0|SSM1-0019%0.0|SSM1-0009%0.0|SSM1-0013%0.0|SSM1-0032%0.0|SSM1-0037%0.0|SSM1-0043%0.0;SSM1-0002%0.0|SSM1-0010%0.0|SSM1-0019%0.0|SSM1-0009%0.0|SSM1-0013%0.0|SSM1-0032%0.0|SSM1-0037%0.0|SSM1-0043%0.0;SSM1-0002%0.0|SSM1-0010%0.0|SSM1-0019%0.0|SSM1-0009%0.0|SSM1-0013%0.0|SSM1-0032%0.0|SSM1-0037%0.0|SSM1-0043%0.0;SSM1-0002%0.0|SSM1-0010%0.0|SSM1-0019%0.0|SSM1-0009%0.0|SSM1-0013%0.0|SSM1-0032%0.0|SSM1-0037%0.0|SSM1-0043%0.0;SSM1-0002%0.0|SSM1-0010%0.0|SSM1-0019%0.0|SSM1-0009%0.0|SSM1-0013%0.0|SSM1-0032%0.0|SSM1-0037%0.0|SSM1-0043%0.0;SSM1-0002%0.0|SSM1-0010%0.0|SSM1-0019%0.0|SSM1-0009%0.0|SSM1-0013%0.0|SSM1-0032%0.0|SSM1-0037%0.0|SSM1-0043%0.0;SSM1-0002%0.0|SSM1-0010%0.0|SSM1-0019%0.0|SSM1-0009%0.0|SSM1-0013%0.0|SSM1-0032%0.0|SSM1-0037%0.0|SSM1-0043%0.0;SSM1-0002%0.0|SSM1-0010%0.0|SSM1-0019%0.0|SSM1-0009%0.0|SSM1-0013%0.0|SSM1-0032%0.0|SSM1-0037%0.0|SSM1-0043%0.0;SSM1-0002%0.0|SSM1-0010%0.0|SSM1-0019%0.0|SSM1-0009%0.0|SSM1-0013%0.0|SSM1-0032%0.0|SSM1-0037%0.0|SSM1-0043%0.0;SSM1-0002%0.0|SSM1-0010%0.0|SSM1-0019%0.0|SSM1-0009%0.0|SSM1-0013%0.0|SSM1-0032%0.0|SSM1-0037%0.0|SSM1-0043%0.0;SSM1-0002%0.0|SSM1-0010%0.0|SSM1-0019%0.0|SSM1-0009%0.0|SSM1-0013%0.0|SSM1-0032%0.0|SSM1-0037%0.0|SSM1-0043%0.0;SSM1-0002%0.0|SSM1-0010%0.0|SSM1-0019%0.0|SSM1-0009%0.0|SSM1-0013%0.0|SSM1-0032%0.0|SSM1-0037%0.0|SSM1-0043%0.0;SSM1-0002%0.0|SSM1-0010%0.0|SSM1-0019%0.0|SSM1-0009%0.0|SSM1-0013%0.0|SSM1-0032%0.0|SSM1-0037%0.0|SSM1-0043%0.0;SSM1-0002%0.0|SSM1-0010%0.0|SSM1-0019%0.0|SSM1-0009%0.0|SSM1-0013%0.0|SSM1-0032%0.0|SSM1-0037%0.0|SSM1-0043%0.0;SSM1-0002%0.0|SSM1-0010%0.0|SSM1-0019%0.0|SSM1-0009%0.0|SSM1-0013%0.0|SSM1-0032%0.0|SSM1-0037%0.0|SSM1-0043%0.0;SSM1-0002%0.0|SSM1-0010%0.0|SSM1-0019%0.0|SSM1-0009%0.0|SSM1-0013%0.0|SSM1-0032%0.0|SSM1-0037%0.0|SSM1-0043%0.0;SSM1-0002%0.0|SSM1-0010%0.0|SSM1-0019%0.0|SSM1-0009%0.0|SSM1-0013%0.0|SSM1-0032%0.0|SSM1-0037%0.0|SSM1-0043%0.0;SSM1-0002%0.0|SSM1-0010%0.0|SSM1-0019%0.0|SSM1-0009%0.0|SSM1-0013%0.0|SSM1-0032%0.0|SSM1-0037%0.0|SSM1-0043%0.0;SSM1-0002%0.0|SSM1-0010%0.0|SSM1-0019%0.0|SSM1-0009%0.0|SSM1-0013%0.0|SSM1-0032%0.0|SSM1-0037%0.0|SSM1-0043%0.0;SSM1-0002%0.0|SSM1-0010%0.0|SSM1-0019%0.0|SSM1-0009%0.0|SSM1-0013%0.0|SSM1-0032%0.0|SSM1-0037%0.0|SSM1-0043%0.0;SSM1-0002%0.0|SSM1-0010%0.0|SSM1-0019%0.0|SSM1-0009%0.0|SSM1-0013%0.0|SSM1-0032%0.0|SSM1-0037%0.0|SSM1-0043%0.0;SSM1-0002%0.0|SSM1-0010%0.0|SSM1-0019%0.0|SSM1-0009%0.0|SSM1-0013%0.0|SSM1-0032%0.0|SSM1-0037%0.0|SSM1-0043%0.0;SSM1-0002%0.0|SSM1-0010%0.0|SSM1-0019%0.0|SSM1-0009%0.0|SSM1-0013%0.0|SSM1-0032%0.0|SSM1-0037%0.0|SSM1-0043%0.0;SSM1-0002%0.0|SSM1-0010%0.0|SSM1-0019%0.0|SSM1-0009%0.0|SSM1-0013%0.0|SSM1-0032%0.0|SSM1-0037%0.0|SSM1-0043%0.0;SSM1-0002%0.0|SSM1-0010%0.0|SSM1-0019%0.0|SSM1-0009%0.0|SSM1-0013%0.0|SSM1-0032%0.0|SSM1-0037%0.0|SSM1-0043%0.0;SSM1-0002%0.0|SSM1-0010%0.0|SSM1-0019%0.0|SSM1-0009%0.0|SSM1-0013%0.0|SSM1-0032%0.0|SSM1-0037%0.0|SSM1-0043%0.0;SSM1-0002%0.0|SSM1-0010%0.0|SSM1-0019%0.0|SSM1-0009%0.0|SSM1-0013%0.0|SSM1-0032%0.0|SSM1-0037%0.0|SSM1-0043%0.0;SSM1-0002%0.0|SSM1-0010%0.0|SSM1-0019%0.0|SSM1-0009%0.0|SSM1-0013%0.0|SSM1-0032%0.0|SSM1-0037%0.0|SSM1-0043%0.0;SSM1-0002%0.0|SSM1-0010%0.0|SSM1-0019%0.0|SSM1-0009%0.0|SSM1-0013%0.0|SSM1-0032%0.0|SSM1-0037%0.0|SSM1-0043%0.0;SSM1-0002%0.0|SSM1-0010%0.0|SSM1-0019%0.0|SSM1-0009%0.0|SSM1-0013%0.0|SSM1-0032%0.0|SSM1-0037%0.0|SSM1-0043%0.0;SSM1-0002%0.0|SSM1-0010%0.0|SSM1-0019%0.0|SSM1-0009%0.0|SSM1-0013%0.0|SSM1-0032%0.0|SSM1-0037%0.0|SSM1-0043%0.0;SSM1-0002%0.0|SSM1-0010%0.0|SSM1-0019%0.0|SSM1-0009%0.0|SSM1-0013%0.0|SSM1-0032%0.0|SSM1-0037%0.0|SSM1-0043%0.02019;SSM1-0002%0.0|SSM1-0010%0.0|SSM1-0019%0.0|SSM1-0009%0.0|SSM1-0013%0.0|SSM1-0032%0.0|SSM1-0037%0.0|SSM1-0043%0.0;SSM1-0002%0.0|SSM1-0010%0.0|SSM1-0019%0.0|SSM1-0009%0.0|SSM1-0013%0.0|SSM1-0032%0.0|SSM1-0037%0.0|SSM1-0043%0.0;SSM1-0002%0.0|SSM1-0010%0.0|SSM1-0019%0.0|SSM1-0009%0.0|SSM1-0013%0.0|SSM1-0032%0.0|SSM1-0037%0.0|SSM1-0043%0.0;SSM1-0002%0.0|SSM1-0010%0.0|SSM1-0019%0.0|SSM1-0009%0.0|SSM1-0013%0.0|SSM1-0032%0.0|SSM1-0037%0.0|SSM1-0043%0.0;SSM1-0002%0.0|SSM1-0010%0.0|SSM1-0019%0.0|SSM1-0009%0.0|SSM1-0013%0.0|SSM1-0032%0.0|SSM1-0037%0.0|SSM1-0043%0.0;SSM1-0002%0.0|SSM1-0010%0.0|SSM1-0019%0.0|SSM1-0009%0.0|SSM1-0013%0.0|SSM1-0032%0.0|SSM1-0037%0.0|SSM1-0043%0.0;SSM1-0002%0.0|SSM1-0010%0.0|SSM1-0019%0.0|SSM1-0009%0.0|SSM1-0013%0.0|SSM1-0032%0.0|SSM1-0037%0.0|SSM1-0043%0.0;SSM1-0002%0.0|SSM1-0010%0.0|SSM1-0019%0.0|SSM1-0009%0.0|SSM1-0013%0.0|SSM1-0032%0.0|SSM1-0037%0.0|SSM1-0043%0.0;SSM1-0002%0.0|SSM1-0010%0.0|SSM1-0019%0.0|SSM1-0009%0.0|SSM1-0013%0.0|SSM1-0032%0.0|SSM1-0037%0.0|SSM1-0043%0.0;SSM1-0002%0.0|SSM1-0010%0.0|SSM1-0019%0.0|SSM1-0009%0.0|SSM1-0013%0.0|SSM1-0032%0.0|SSM1-0037%0.0|SSM1-0043%0.0;SSM1-0002%0.0|SSM1-0010%0.0|SSM1-0019%0.0|SSM1-0009%0.0|SSM1-0013%0.0|SSM1-0032%0.0|SSM1-0037%0.0|SSM1-0043%0.0;SSM1-0002%0.0|SSM1-0010%0.0|SSM1-0019%0.0|SSM1-0009%0.0|SSM1-0013%0.0|SSM1-0032%0.0|SSM1-0037%0.0|SSM1-0043%0.0;SSM1-0002%0.0|SSM1-0010%0.0|SSM1-0019%0.0|SSM1-0009%0.0|SSM1-0013%0.0|SSM1-0032%0.0|SSM1-0037%0.0|SSM1-0043%0.0;SSM1-0002%0.0|SSM1-0010%0.0|SSM1-0019%0.0|SSM1-0009%0.0|SSM1-0013%0.0|SSM1-0032%0.0|SSM1-0037%0.0|SSM1-0043%0.0;SSM1-0002%0.0|SSM1-0010%0.0|SSM1-0019%0.0|SSM1-0009%0.0|SSM1-0013%0.0|SSM1-0032%0.0|SSM1-0037%0.0|SSM1-0043%0.0;SSM1-0002%0.0|SSM1-0010%0.0|SSM1-0019%0.0|SSM1-0009%0.0|SSM1-0013%0.0|SSM1-0032%0.0|SSM1-0037%0.0|SSM1-0043%0.0;SSM1-0002%0.0|SSM1-0010%0.0|SSM1-0019%0.0|SSM1-0009%0.0|SSM1-0013%0.0|SSM1-0032%0.0|SSM1-0037%0.0|SSM1-0043%0.0;SSM1-0002%0.0|SSM1-0010%0.0|SSM1-0019%0.0|SSM1-0009%0.0|SSM1-0013%0.0|SSM1-0032%0.0|SSM1-0037%0.0|SSM1-0043%0.0;SSM1-0002%0.0|SSM1-0010%0.0|SSM1-0019%0.0|SSM1-0009%0.0|SSM1-0013%0.0|SSM1-0032%0.0|SSM1-0037%0.0|SSM1-0043%0.0;SSM1-0002%0.0|SSM1-0010%0.0|SSM1-0019%0.0|SSM1-0009%0.0|SSM1-0013%0.0|SSM1-0032%0.0|SSM1-0037%0.0|SSM1-0043%0.0;SSM1-0002%0.0|SSM1-0010%0.0|SSM1-0019%0.0|SSM1-0009%0.0|SSM1-0013%0.0|SSM1-0032%0.0|SSM1-0037%0.0|SSM1-0043%0.0;SSM1-0002%0.0|SSM1-0010%0.0|SSM1-0019%0.0|SSM1-0009%0.0|SSM1-0013%0.0|SSM1-0032%0.0|SSM1-0037%0.0|SSM1-0043%0.0;SSM1-0002%0.0|SSM1-0010%0.0|SSM1-0019%0.0|SSM1-0009%0.0|SSM1-0013%0.0|SSM1-0032%0.0|SSM1-0037%0.0|SSM1-0043%0.0;SSM1-0002%0.0|SSM1-0010%0.0|SSM1-0019%0.0|SSM1-0009%0.0|SSM1-0013%0.0|SSM1-0032%0.0|SSM1-0037%0.0|SSM1-0043%0.0;SSM1-0002%0.0|SSM1-0010%0.0|SSM1-0019%0.0|SSM1-0009%0.0|SSM1-0013%0.0|SSM1-0032%0.0|SSM1-0037%0.0|SSM1-0043%0.0;SSM1-0002%0.0|SSM1-0010%0.0|SSM1-0019%0.0|SSM1-0009%0.0|SSM1-0013%0.0|SSM1-0032%0.0|SSM1-0037%0.0|SSM1-0043%0.0;SSM1-0002%0.0|SSM1-0010%0.0|SSM1-0019%0.0|SSM1-0009%0.0|SSM1-0013%0.0|SSM1-0032%0.0|SSM1-0037%0.0|SSM1-0043%0.0;SSM1-0002%0.0|SSM1-0010%0.0|SSM1-0019%0.0|SSM1-0009%0.0|SSM1-0013%0.0|SSM1-0032%0.0|SSM1-0037%0.0|SSM1-0043%0.0;SSM1-0002%0.0|SSM1-0010%0.0|SSM1-0019%0.0|SSM1-0009%0.0|SSM1-0013%0.0|SSM1-0032%0.0|SSM1-0037%0.0|SSM1-0043%0.0;SSM1-0002%0.0|SSM1-0010%0.0|SSM1-0019%0.0|SSM1-0009%0.0|SSM1-0013%0.0|SSM1-0032%0.0|SSM1-0037%0.0|SSM1-0043%0.0;SSM1-0002%0.0|SSM1-0010%0.0|SSM1-0019%0.0|SSM1-0009%0.0|SSM1-0013%0.0|SSM1-0032%0.0|SSM1-0037%0.0|SSM1-0043%0.0;SSM1-0002%0.0|SSM1-0010%0.0|SSM1-0019%0.0|SSM1-0009%0.0|SSM1-0013%0.0|SSM1-0032%0.0|SSM1-0037%0.0|SSM1-0043%0.0;SSM1-0002%0.0|SSM1-0010%0.0|SSM1-0019%0.0|SSM1-0009%0.0|SSM1-0013%0.0|SSM1-0032%0.0|SSM1-0037%0.0|SSM1-0043%0.0;SSM1-0002%0.0|SSM1-0010%0.0|SSM1-0019%0.0|SSM1-0009%0.0|SSM1-0013%0.0|SSM1-0032%0.0|SSM1-0037%0.0|SSM1-0043%0.0;SSM1-0002%0.0|SSM1-0010%0.0|SSM1-0019%0.0|SSM1-0009%0.0|SSM1-0013%0.0|SSM1-0032%0.0|SSM1-0037%0.0|SSM1-0043%0.02020;SSM1-0002%0.0|SSM1-0010%0.0|SSM1-0019%0.0|SSM1-0009%0.0|SSM1-0013%0.0|SSM1-0032%0.0|SSM1-0037%0.0|SSM1-0043%0.0;SSM1-0002%0.0|SSM1-0010%0.0|SSM1-0019%0.0|SSM1-0009%0.0|SSM1-0013%0.0|SSM1-0032%0.0|SSM1-0037%0.0|SSM1-0043%0.0;SSM1-0002%0.0|SSM1-0010%0.0|SSM1-0019%0.0|SSM1-0009%0.0|SSM1-0013%0.0|SSM1-0032%0.0|SSM1-0037%0.0|SSM1-0043%0.0;SSM1-0002%0.0|SSM1-0010%0.0|SSM1-0019%0.0|SSM1-0009%0.0|SSM1-0013%0.0|SSM1-0032%0.0|SSM1-0037%0.0|SSM1-0043%0.0;SSM1-0002%0.0|SSM1-0010%0.0|SSM1-0019%0.0|SSM1-0009%0.0|SSM1-0013%0.0|SSM1-0032%0.0|SSM1-0037%0.0|SSM1-0043%0.0;SSM1-0002%0.0|SSM1-0010%0.0|SSM1-0019%0.0|SSM1-0009%0.0|SSM1-0013%0.0|SSM1-0032%0.0|SSM1-0037%0.0|SSM1-0043%0.0;SSM1-0002%0.0|SSM1-0010%0.0|SSM1-0019%0.0|SSM1-0009%0.0|SSM1-0013%0.0|SSM1-0032%0.0|SSM1-0037%0.0|SSM1-0043%0.0;SSM1-0002%0.0|SSM1-0010%0.0|SSM1-0019%0.0|SSM1-0009%0.0|SSM1-0013%0.0|SSM1-0032%0.0|SSM1-0037%0.0|SSM1-0043%0.0;SSM1-0002%0.0|SSM1-0010%0.0|SSM1-0019%0.0|SSM1-0009%0.0|SSM1-0013%0.0|SSM1-0032%0.0|SSM1-0037%0.0|SSM1-0043%0.0;SSM1-0002%0.0|SSM1-0010%0.0|SSM1-0019%0.0|SSM1-0009%0.0|SSM1-0013%0.0|SSM1-0032%0.0|SSM1-0037%0.0|SSM1-0043%0.0;SSM1-0002%0.0|SSM1-0010%0.0|SSM1-0019%0.0|SSM1-0009%0.0|SSM1-0013%0.0|SSM1-0032%0.0|SSM1-0037%0.0|SSM1-0043%0.0;SSM1-0002%0.0|SSM1-0010%0.0|SSM1-0019%0.0|SSM1-0009%0.0|SSM1-0013%0.0|SSM1-0032%0.0|SSM1-0037%0.0|SSM1-0043%0.0;SSM1-0002%0.0|SSM1-0010%0.0|SSM1-0019%0.0|SSM1-0009%0.0|SSM1-0013%0.0|SSM1-0032%0.0|SSM1-0037%0.0|SSM1-0043%0.0;SSM1-0002%0.0|SSM1-0010%0.0|SSM1-0019%0.0|SSM1-0009%0.0|SSM1-0013%0.0|SSM1-0032%0.0|SSM1-0037%0.0|SSM1-0043%0.0;SSM1-0002%0.0|SSM1-0010%0.0|SSM1-0019%0.0|SSM1-0009%0.0|SSM1-0013%0.0|SSM1-0032%0.0|SSM1-0037%0.0|SSM1-0043%0.0;SSM1-0002%0.0|SSM1-0010%0.0|SSM1-0019%0.0|SSM1-0009%0.0|SSM1-0013%0.0|SSM1-0032%0.0|SSM1-0037%0.0|SSM1-0043%0.0;SSM1-0002%0.0|SSM1-0010%0.0|SSM1-0019%0.0|SSM1-0009%0.0|SSM1-0013%0.0|SSM1-0032%0.0|SSM1-0037%0.0|SSM1-0043%0.0;SSM1-0002%0.0|SSM1-0010%0.0|SSM1-0019%0.0|SSM1-0009%0.0|SSM1-0013%0.0|SSM1-0032%0.0|SSM1-0037%0.0|SSM1-0043%0.0;SSM1-0002%0.0|SSM1-0010%0.0|SSM1-0019%0.0|SSM1-0009%0.0|SSM1-0013%0.0|SSM1-0032%0.0|SSM1-0037%0.0|SSM1-0043%0.0;SSM1-0002%0.0|SSM1-0010%0.0|SSM1-0019%0.0|SSM1-0009%0.0|SSM1-0013%0.0|SSM1-0032%0.0|SSM1-0037%0.0|SSM1-0043%0.0;SSM1-0002%0.0|SSM1-0010%0.0|SSM1-0019%0.0|SSM1-0009%0.0|SSM1-0013%0.0|SSM1-0032%0.0|SSM1-0037%0.0|SSM1-0043%0.0;SSM1-0002%0.0|SSM1-0010%0.0|SSM1-0019%0.0|SSM1-0009%0.0|SSM1-0013%0.0|SSM1-0032%0.0|SSM1-0037%0.0|SSM1-0043%0.0;SSM1-0002%0.0|SSM1-0010%0.0|SSM1-0019%0.0|SSM1-0009%0.0|SSM1-0013%0.0|SSM1-0032%0.0|SSM1-0037%0.0|SSM1-0043%0.0;SSM1-0002%0.0|SSM1-0010%0.0|SSM1-0019%0.0|SSM1-0009%0.0|SSM1-0013%0.0|SSM1-0032%0.0|SSM1-0037%0.0|SSM1-0043%0.0;SSM1-0002%0.0|SSM1-0010%0.0|SSM1-0019%0.0|SSM1-0009%0.0|SSM1-0013%0.0|SSM1-0032%0.0|SSM1-0037%0.0|SSM1-0043%0.0;SSM1-0002%0.0|SSM1-0010%0.0|SSM1-0019%0.0|SSM1-0009%0.0|SSM1-0013%0.0|SSM1-0032%0.0|SSM1-0037%0.0|SSM1-0043%0.0;SSM1-0002%0.0|SSM1-0010%0.0|SSM1-0019%0.0|SSM1-0009%0.0|SSM1-0013%0.0|SSM1-0032%0.0|SSM1-0037%0.0|SSM1-0043%0.0;SSM1-0002%0.0|SSM1-0010%0.0|SSM1-0019%0.0|SSM1-0009%0.0|SSM1-0013%0.0|SSM1-0032%0.0|SSM1-0037%0.0|SSM1-0043%0.0;SSM1-0002%0.0|SSM1-0010%0.0|SSM1-0019%0.0|SSM1-0009%0.0|SSM1-0013%0.0|SSM1-0032%0.0|SSM1-0037%0.0|SSM1-0043%0.0;SSM1-0002%0.0|SSM1-0010%0.0|SSM1-0019%0.0|SSM1-0009%0.0|SSM1-0013%0.0|SSM1-0032%0.0|SSM1-0037%0.0|SSM1-0043%0.0;SSM1-0002%0.0|SSM1-0010%0.0|SSM1-0019%0.0|SSM1-0009%0.0|SSM1-0013%0.0|SSM1-0032%0.0|SSM1-0037%0.0|SSM1-0043%0.0;SSM1-0002%0.0|SSM1-0010%0.0|SSM1-0019%0.0|SSM1-0009%0.0|SSM1-0013%0.0|SSM1-0032%0.0|SSM1-0037%0.0|SSM1-0043%0.0;SSM1-0002%0.0|SSM1-0010%0.0|SSM1-0019%0.0|SSM1-0009%0.0|SSM1-0013%0.0|SSM1-0032%0.0|SSM1-0037%0.0|SSM1-0043%0.0;SSM1-0002%0.0|SSM1-0010%0.0|SSM1-0019%0.0|SSM1-0009%0.0|SSM1-0013%0.0|SSM1-0032%0.0|SSM1-0037%0.0|SSM1-0043%0.0;SSM1-0002%0.0|SSM1-0010%0.0|SSM1-0019%0.0|SSM1-0009%0.0|SSM1-0013%0.0|SSM1-0032%0.0|SSM1-0037%0.0|SSM1-0043%0.0